[gd_scene load_steps=2 format=3 uid="uid://jr7xqrijil04"]

[ext_resource type="Material" uid="uid://hkdgeog225qt" path="res://Materials/light_wood.tres" id="1_2r0bh"]

[node name="Chair" type="CSGBox3D"]
use_collision = true
size = Vector3(0.5, 0.05, 0.5)
material = ExtResource("1_2r0bh")

[node name="CSGBox3D" type="CSGBox3D" parent="."]
transform = Transform3D(1, 0, 0, 0, 1, 0, 0, 0, 1, 0.22, -0.212776, 0.22)
size = Vector3(0.03, 0.4, 0.03)
material = ExtResource("1_2r0bh")

[node name="CSGBox3D2" type="CSGBox3D" parent="."]
transform = Transform3D(1, 0, 0, 0, 1, 0, 0, 0, 1, -0.22, -0.212776, 0.22)
size = Vector3(0.03, 0.4, 0.03)
material = ExtResource("1_2r0bh")

[node name="CSGBox3D5" type="CSGBox3D" parent="."]
transform = Transform3D(1, 0, 0, 0, 0.994128, -0.108208, 0, 0.108208, 0.994128, 0.22, 0.187597, 0.243671)
size = Vector3(0.03, 0.4, 0.03)
material = ExtResource("1_2r0bh")

[node name="CSGBox3D7" type="CSGBox3D" parent="."]
transform = Transform3D(1, 0, 0, 0, 0.994128, -0.108208, 0, 0.108208, 0.994128, -0.000554204, 0.29872, 0.255766)
size = Vector3(0.439751, 0.17644, 0.03)
material = ExtResource("1_2r0bh")

[node name="CSGBox3D6" type="CSGBox3D" parent="."]
transform = Transform3D(1, 0, 0, 0, 0.994128, -0.108208, 0, 0.108208, 0.994128, -0.22, 0.187597, 0.243671)
size = Vector3(0.03, 0.4, 0.03)
material = ExtResource("1_2r0bh")

[node name="CSGBox3D3" type="CSGBox3D" parent="."]
transform = Transform3D(1, 0, 0, 0, 1, 0, 0, 0, 1, -0.22, -0.212776, -0.22)
size = Vector3(0.03, 0.4, 0.03)
material = ExtResource("1_2r0bh")

[node name="CSGBox3D4" type="CSGBox3D" parent="."]
transform = Transform3D(1, 0, 0, 0, 1, 0, 0, 0, 1, 0.22, -0.212776, -0.22)
size = Vector3(0.03, 0.4, 0.03)
material = ExtResource("1_2r0bh")
